Tx:000036-01 03 00 00 00 0A C5 CD 
Rx:000037-01 03 14 00 01 00 02 00 00 00 00 00 00 00 00 00 64 00 00 01 F4 00 00 5A 33 
Tx:000038-01 03 00 00 00 0A C5 CD 
Rx:000039-01 03 14 00 01 00 02 00 00 00 00 00 00 00 00 00 64 00 00 01 F4 00 00 5A 33 
Tx:000040-01 03 00 00 00 0A C5 CD 
Rx:000041-01 03 14 00 01 00 02 00 00 00 00 00 00 00 00 00 64 00 00 01 F4 00 00 5A 33 
Tx:000042-01 03 00 00 00 0A C5 CD 
Rx:000043-01 03 14 00 01 00 02 00 00 00 00 00 00 00 00 00 64 00 00 01 F4 00 00 5A 33 
Tx:000044-01 03 00 00 00 0A C5 CD 
Rx:000045-01 03 14 00 01 00 02 00 00 00 00 00 00 00 00 00 64 00 00 01 F4 00 00 5A 33 
